f07
      People: 21279
   Same Name:    88
    Addr Dup:  1960
   No Gender:  1189
f89
      People: 35729
   Same Name:    88
    Addr Dup:  4663
   No Gender:  2647

Last Active Tally by Year

Year    Number  SubTotal
1980         0         0
1981         0         0
1982         0         0
1983         0         0
1984         0         0
1985         0         0
1986         0         0
1987         0         0
1988         0         0
1989        85        85
1990       844       929
1991     1,062     1,991
1992     1,069     3,060
1993     1,077     4,137
1994       985     5,122
1995     1,152     6,274
1996     1,002     7,276
1997     1,138     8,414
1998     1,500     9,914
1999     1,501    11,415
2000     3,003    14,418
2001     2,024    16,442
2002     2,441    18,883
2003     1,765    20,648
2004     1,326    21,974
2005     2,323    24,297
2006     2,190    26,487
2007     2,660    29,147
2008     5,564    34,711
2009       878    35,589
