12|1|Asha Goldweber|1|1|1|1|1|1|1|861
12|2|Amy Jo Metzendorf|1|1|1|1|1|1|1|861
13|1|Denise Ruelas|1|1|1|1|1|1|1|1078
13|2||0|0|0|0|0|0|0|0
14|1|Farzaneh Azadan|1|1|1|1|1|1|1|1281
14|2||0|0|0|0|0|0|0|0
15|1|Elizabeth Shelhart|1|1|1|1|1|1|1|1078
15|2||0|0|0|0|0|0|0|0
16|1|Nancy Tibbetts|1|1|1|1|1|1|1|756
16|2|Addie deHilster|1|1|1|1|1|1|1|756
16|3|Alexandra Johnston|1|1|1|1|1|1|1|756
16|4|(not available)|0|0|0|0|0|0|0|0
17|1|Katie Hazard|1|1|1|1|1|1|1|1078
17|2||0|0|0|0|0|0|0|0
18|1|Catherine Ibsen|1|1|1|1|1|1|1|1281
18|2||0|0|0|0|0|0|0|0
19|1|Marcia C Manderscheid|1|1|1|1|1|1|1|1078
19|2||0|0|0|0|0|0|0|0
20|1|Deborah Barnett Brandt|1|1|1|1|1|1|1|945
20|2|Julie Young (cancelled)|1|1|1|1|1|1|1|945
21|1|Nidhi Kohli|1|1|1|1|1|1|1|1078
21|2||0|0|0|0|0|0|0|0
22|1|Peter Chandonnet|1|1|1|1|1|1|1|1281
22|2||0|0|0|0|0|0|0|0
27|1|Jessica Webb|1|1|1|1|1|1|1|756
27|2|Gillian Chandler|1|1|1|1|1|1|1|756
27|3|Lynn Billingham|1|1|1|1|1|1|1|756
27|4|(not available)|0|0|0|0|0|0|0|0
28|1|A-Lisa Miles|1|1|1|1|1|1|1|756
28|2|Amy Johnson|1|1|1|1|1|1|1|756
28|3|Francesca Gobeille|1|1|1|1|1|1|1|756
28|4|(not available)|0|0|0|0|0|0|0|0
31|1|Konda Mason (faculty)|0|1|0|0|0|0|0|154
31|2|Rachel Lanzaroti (faculty)|0|0|0|0|1|0|0|154
32|1|Kristin Vikjord|1|1|1|1|1|1|1|861
32|2|Celiena Adcock|1|1|1|1|1|1|1|861
34|1|Rebecca Hines|1|1|1|1|1|1|1|1281
34|2||0|0|0|0|0|0|0|0
40|1|Nancy Brower|1|1|1|1|1|1|1|1281
40|2||0|0|0|0|0|0|0|0
81|1|Deborah Hammond|1|1|1|1|1|1|1|476
55|1|Gabrielle Sims|1|1|1|1|1|1|1|476
56|1|Jamie Aaronson|1|1|1|1|1|1|1|476
82|1|Tara Lampert|1|1|1|1|1|1|1|476
57|1|Tina Clay|1|1|1|1|1|1|1|476
58|1|David Walrath|1|1|1|1|1|1|1|476
85|1|Jennifer Tucker|1|1|1|1|1|1|1|476
120|1|Elizabeth Ross|1|1|1|1|1|1|1|861
120|2|Lori Speagle|1|1|1|1|1|1|1|861
122|1|Stephanie Perrett|1|1|1|1|1|1|1|1078
122|2||0|0|0|0|0|0|0|0
123|1|Anuradha Bhagwati|1|1|1|1|1|1|1|1078
123|2||0|0|0|0|0|0|0|0
125|1||0|0|0|0|0|0|0|0
125|2|Mark Wax|1|1|1|1|1|1|1|1078
41|1|Monica LeMaster|1|1|1|1|1|1|1|861
41|2|Monica child|1|1|1|1|1|1|1|430
42|1|Monica LeMaster's mom|1|1|1|1|1|1|1|1078
42|2||0|0|0|0|0|0|0|0
43|1|Janice Gates|1|1|1|1|1|1|1|1078
43|2||0|0|0|0|0|0|0|0
44|1|Anne Cushman|1|1|1|1|1|1|1|1078
44|2||0|0|0|0|0|0|0|0
45|1|Jill Satterfield|1|1|1|1|1|1|1|1078
45|2||0|0|0|0|0|0|0|0
1001|1||0|0|0|0|0|0|0|0
1001|2||0|0|0|0|0|0|0|0
1001|3||0|0|0|0|0|0|0|0
1001|4||0|0|0|0|0|0|0|0
1001|5||0|0|0|0|0|0|0|0
1002|1||0|0|0|0|0|0|0|0
1002|2||0|0|0|0|0|0|0|0
1002|3||0|0|0|0|0|0|0|0
1002|4||0|0|0|0|0|0|0|0
1002|5||0|0|0|0|0|0|0|0
