1|1|Kaveh Moezzi|1|1|1|1|1|1|1|861
1|2|James Colson|1|1|1|1|1|1|1|861
3|1|Lindsay Schachinger|1|1|1|1|1|1|1|861
3|2|Martha Hildreth|1|1|1|1|1|1|1|861
12|1|Marsha Goldberg|1|1|1|1|1|1|1|1078
12|2||0|0|0|0|0|0|0|0
13|1|Lori Moreland|1|1|1|1|1|1|1|861
13|2|Ann Dusseau|1|1|1|1|1|1|1|861
14|1|Karen Wegela|1|1|1|1|1|1|1|938
14|2|Fred Wegela|1|1|1|1|1|1|1|938
15|1|Donna Simonsen|1|1|1|1|1|1|1|1078
15|2||0|0|0|0|0|0|0|0
16|1|Zan Rubin|1|1|1|1|1|1|1|861
16|2|Rainbow Rubin|1|1|1|1|1|1|1|861
16|3||0|0|0|0|0|0|0|0
16|4||0|0|0|0|0|0|0|0
17|1|Maureen O'Sullivan|1|1|1|1|1|1|1|861
17|2|Diana Gould|1|1|1|1|1|1|1|861
18|1|Anand Mundra|1|1|1|1|1|1|1|1281
18|2||0|0|0|0|0|0|0|0
19|1|Jennifer Gordon|1|1|1|1|1|1|1|1078
19|2||0|0|0|0|0|0|0|0
20|1|George Daskalos|1|1|1|1|1|1|1|938
20|2|Hans Dokter|1|1|1|1|1|1|1|938
21|1|Terry Conrad|1|1|1|1|1|1|1|861
21|2|Brendan Kennedy|1|1|1|1|1|1|1|861
22|1|Perissa Busick|1|1|1|1|1|1|1|1281
22|2||0|0|0|0|0|0|0|0
23|1|Tammy Wright|1|1|1|1|1|1|1|861
23|2|Linda Moore|1|1|1|1|1|1|1|861
24|1|Judy Long|1|1|1|1|1|1|1|938
24|2|Nona Olivia|1|1|1|1|1|1|1|938
5|1|Diane Schneider|1|1|1|1|1|1|1|1078
5|2||0|0|0|0|0|0|0|0
27|1|Hans Maull|1|1|1|1|1|1|1|861
27|2|John Needham|1|1|1|1|1|1|1|861
27|3||0|0|0|0|0|0|0|0
27|4||0|0|0|0|0|0|0|0
6|1|Joan Van Horn thru 8/8 only|1|1|1|1|1|1|1|1078
6|2||0|0|0|0|0|0|0|0
28|1|Jonna Marie|1|1|1|1|1|1|1|861
28|2|Karen Bennett|1|1|1|1|1|1|1|861
28|3||0|0|0|0|0|0|0|0
28|4||0|0|0|0|0|0|0|0
31|1|Jonathan Herrick|1|1|1|1|1|1|1|1078
31|2||0|0|0|0|0|0|0|0
29|1|Lane Foster Haller|1|1|1|1|1|1|1|861
29|2|Kimberly Wheat|1|1|1|1|1|1|1|861
29|3||0|0|0|0|0|0|0|0
29|4||0|0|0|0|0|0|0|0
32|1||0|0|0|0|0|0|0|0
32|2|Eloise Morley|1|1|1|1|1|1|1|1078
30|1|Pearlynn Goodman|1|1|1|1|1|1|1|693
30|2|Raquel Castellanos|1|1|1|1|1|1|1|693
30|3|Tamara Heauser|1|1|1|1|1|1|1|693
30|4|Donna Simonsen|1|1|1|1|1|1|1|693
25|1|Colleen Donovan|1|1|1|1|1|1|1|1078
25|2||0|0|0|0|0|0|0|0
26|1|Craig Neyman|1|1|1|1|1|1|1|756
26|2|Michael Starita|1|1|1|1|1|1|1|756
26|3|Bernard McGrane|1|1|1|1|1|1|1|756
26|4||0|0|0|0|0|0|0|0
33|1|Nancy Porter|1|1|1|1|1|1|1|1078
33|2||0|0|0|0|0|0|0|0
34|1|Polly Mayer|1|1|1|1|1|1|1|938
34|2|Robert Ammirati|1|1|1|1|1|1|1|938
35|1|Lee Showerman|1|1|1|1|1|1|1|1078
35|2||0|0|0|0|0|0|0|0
36|1|Laura Whipple|1|1|1|1|1|1|1|1281
36|2||0|0|0|0|0|0|0|0
37|1|Sarah Woodard|1|1|1|1|1|1|1|1078
37|2||0|0|0|0|0|0|0|0
38|1|Laura Duggan|1|1|1|1|1|1|1|938
38|2|Cynthia Franklin|1|1|1|1|1|1|1|938
39|1|Sandra Hansen|1|1|1|1|1|1|1|1078
39|2||0|0|0|0|0|0|0|0
40|1|Teacher Room|1|1|1|1|1|1|1|1281
40|2||0|0|0|0|0|0|0|0
101|1|Saraswati Clere|1|1|1|1|1|1|1|539
101|2||0|0|0|0|0|0|0|0
107|1|Kate Kroeger|1|1|1|1|1|1|1|476
108|1||0|0|0|0|0|0|0|0
273|1|Lacey Segal|1|1|1|1|1|1|1|476
47|1||0|0|0|0|0|0|0|0
48|1|Alysha Jannotta|1|1|1|1|1|1|1|476
49|1|Liane Allahdadi|1|1|1|1|1|1|1|476
50|1||0|0|0|0|0|0|0|0
50|2||0|0|0|0|0|0|0|0
78|1|Kay Galvan|1|1|1|1|1|1|1|539
79|1|Darcy Jones|1|1|1|1|1|1|1|476
80|1|Kay Izlar|1|1|1|1|1|1|1|539
51|1|Mei Chen|1|1|1|1|1|1|1|476
52|1|Marguerite Fishman|1|1|1|1|1|1|1|539
53|1|Gwendolyn Roush|1|1|1|1|1|1|1|539
54|1|Amy Futakawa|1|1|1|1|1|1|1|539
81|1|Monika Slosberg & Malik Slosberg|1|1|1|1|1|1|1|952
55|1||0|0|0|0|0|0|0|0
56|1|Jon Titchener|1|1|1|1|1|1|1|476
82|1|Hal Blacker|1|1|1|1|1|1|1|476
57|1|Linda Bothne|1|1|1|1|1|1|1|539
83|1|Barbara Trenchard|1|1|1|1|1|1|1|539
83|2||0|0|0|0|0|0|0|0
58|1|Louis Bardach|1|1|1|1|1|1|1|476
84|1|Jonah Mark Bekerman|1|1|1|1|1|1|1|539
84|2||0|0|0|0|0|0|0|0
85|1|Eliot May|1|1|1|1|1|1|1|476
59|1|David Christie|1|1|1|1|1|1|1|476
86|1||0|0|0|0|0|0|0|0
87|1|Nan Clydesdale|1|1|1|1|1|1|1|539
60|1||0|0|0|0|0|0|0|0
61|1||0|0|0|0|0|0|0|0
62|1||0|0|0|0|0|0|0|0
88|1||0|0|0|0|0|0|0|0
63|1|David Gidley|1|1|1|1|1|1|1|476
89|1|Luke Janes|1|1|1|1|1|1|1|476
64|1|Nick Daskalos|1|1|1|1|1|1|1|476
65|1|Megan Frasheski & Lathan Spaulding|1|1|1|1|1|1|1|952
90|1|Megan Murphy|1|1|1|1|1|1|1|476
91|1|Matthias Schossig|1|1|1|1|1|1|1|476
66|1|Kay Peterson & Cory Wright|1|1|1|1|1|1|1|952
67|1|Shari Naismith|1|1|1|1|1|1|1|476
68|1||0|0|0|0|0|0|0|0
92|1|John Kriebel|1|1|1|1|1|1|1|476
69|1|Henry Vandervelde|1|1|1|1|1|1|1|539
70|1|Andrew Eldredge|1|1|1|1|1|1|1|476
71|1|Nicholas Aquino-Rothmayr|1|1|1|1|1|1|1|476
93|1||0|0|0|0|0|0|0|0
94|1|Donna Schindler|1|1|1|1|1|1|1|539
94|2||0|0|0|0|0|0|0|0
72|1|Lisa Erskine|1|1|1|1|1|1|1|476
95|1|Deborah Gale|1|1|1|1|1|1|1|476
73|1|Robert MacBain|1|1|1|1|1|1|1|476
96|1||0|0|0|0|0|0|0|0
97|1||0|0|0|0|0|0|0|0
97|2||0|0|0|0|0|0|0|0
117|1||0|0|0|0|0|0|0|0
117|2||0|0|0|0|0|0|0|0
118|1|Felicity Crush|1|1|1|1|1|1|1|861
118|2|Gordon White|1|1|1|1|1|1|1|861
119|1|Chloe Taylor|1|1|1|1|1|1|1|1078
119|2||0|0|0|0|0|0|0|0
120|1||0|0|0|0|0|0|0|0
120|2||0|0|0|0|0|0|0|0
121|1||0|0|0|0|0|0|0|0
121|2|Emily Wasley|1|1|1|1|1|1|1|1078
122|1|Stefanie Coyote|1|1|1|1|1|1|1|1078
122|2||0|0|0|0|0|0|0|0
123|1|Marina Illich|1|1|1|1|1|1|1|861
123|2|Satish Katpally|1|1|1|1|1|1|1|861
124|1|Camilla Meshiea|1|1|1|1|1|1|1|1078
124|2||0|0|0|0|0|0|0|0
125|1|Laura Kurtzman|1|1|1|1|1|1|1|1078
125|2||0|0|0|0|0|0|0|0
41|1|Mark Spitalny|1|1|1|1|1|1|1|1078
41|2||0|0|0|0|0|0|0|0
42|1|Martin Kupferman|1|1|1|1|1|1|1|1078
42|2||0|0|0|0|0|0|0|0
43|1|Randi Hall|1|1|1|1|1|1|1|1078
43|2||0|0|0|0|0|0|0|0
44|1|Megan Larson|1|1|1|1|1|1|1|861
44|2|Jillian Patricia|1|1|1|1|1|1|1|861
45|1|Julie Benson|1|1|1|1|1|1|1|1078
45|2||0|0|0|0|0|0|0|0
1001|1|JoAnn Cannon|1|1|1|1|1|1|1|476
1001|2|Sharon Randall|1|1|1|1|1|1|1|476
1001|3||0|0|0|0|0|0|0|0
1001|4||0|0|0|0|0|0|0|0
1001|5||0|0|0|0|0|0|0|0
1002|1||0|0|0|0|0|0|0|0
1002|2||0|0|0|0|0|0|0|0
1002|3||0|0|0|0|0|0|0|0
1002|4||0|0|0|0|0|0|0|0
1002|5||0|0|0|0|0|0|0|0
