1|1|K'Alisa Rowan|1|1|1|360
1|2|Sally Cooperrider|1|1|1|360
3|1|Gina Popejoy|1|1|1|360
3|2|Valerie Tookes|1|1|1|360
5|1|Angela Doyle|1|1|1|430
5|2|Chris Wilcox|1|0|0|120
6|1|Claudette Largess|1|1|1|360
6|2|Tammy Hackbarth|1|1|1|360
31|1|Alice Dutton|1|1|1|465
31|2||0|0|0|0
32|1|Cindy Davis|1|1|1|465
32|2||0|0|0|0
25|1|Meredith Noble|1|1|1|465
25|2||0|0|0|0
33|1|Alicia Jensen|1|1|1|465
33|2||0|0|0|0
34|1|Kathy Salazar|1|1|1|552
34|2||0|0|0|0
35|1|Susan Gutierrez|1|1|1|465
35|2||0|0|0|0
36|1|Brenda Czaban|1|1|1|552
36|2||0|0|0|0
37|1|Shubbani Sarkar|1|1|1|465
37|2||0|0|0|0
38|1|Marilyn Hill|1|1|1|552
38|2||0|0|0|0
39|1|Anna Guest-Jelly|1|1|1|465
39|2||0|0|0|0
40|1|Rachel Cole|1|1|1|552
40|2||0|0|0|0
10|1|Chris Wilcox|0|1|1|310
10|2||0|0|0|0
10|3||0|0|0|0
11|1|Jobie Lay|1|1|1|465
11|2||0|0|0|0
1001|1||0|0|0|0
1001|2||0|0|0|0
1001|3||0|0|0|0
1001|4||0|0|0|0
1001|5||0|0|0|0
1002|1||0|0|0|0
1002|2||0|0|0|0
1002|3||0|0|0|0
1002|4||0|0|0|0
1002|5||0|0|0|0
