5|1|Michelle Chee|1|1|297
5|2||0|0|0
6|1|Bryan Morse|1|1|297
6|2||0|0|0
31|1|Steve Still|1|1|245
31|2|Kai Wu|1|1|245
29|1||0|0|0
29|2||0|0|0
29|3||0|0|0
29|4||0|0|0
32|1|Debbie Erhardt|1|1|245
32|2|Gordon Graham|1|1|245
25|1||0|0|0
25|2||0|0|0
33|1||0|0|0
33|2||0|0|0
34|1|Cynthia Miller|1|1|259
34|2|Greg Mentzer|1|1|259
35|1||0|0|0
35|2||0|0|0
36|1|David Roy Walters|1|1|259
36|2|Midori Morgan|1|1|259
37|1||0|0|0
37|2||0|0|0
38|1|Erin  Cuarenta|1|1|259
38|2|Gabriel Cuarenta|1|1|259
105|1||0|0|0
48|1||0|0|0
52|1||0|0|0
1001|1|Lucianna Valdez|1|1|125
1001|2|Michael Sgambati|1|1|125
1001|3||0|0|0
1001|4||0|0|0
1001|5||0|0|0
1002|1|Sylvie Schultze|1|1|103
1002|2|Ed Schultze|1|1|103
1002|3||0|0|0
1002|4||0|0|0
1002|5||0|0|0
