1|1|Jennifer Small|1|1|1|1|1|1|1|868
1|2|Sarah Konrady|1|1|1|1|1|1|1|868
3|1|Amy Hephner|1|1|1|1|1|1|1|992
3|2|Carol Boone|1|1|1|0|0|0|0|372
12|1|Christina Wu|1|1|1|1|1|1|1|868
12|2|Nancy Kemp|1|1|1|1|1|1|1|868
13|1|Cynthia Morin|1|1|1|1|1|1|1|868
13|2|Diane Kersten|1|1|1|1|1|1|1|868
14|1|Ken Kuter|1|1|1|1|1|1|1|945
14|2|Chris Connor|1|1|1|1|1|1|1|945
15|1|Jannel Cleto|1|1|1|1|1|1|1|868
15|2|Juanita De Sanz|1|1|1|1|1|1|1|868
16|1|Sue Wright|1|0|0|0|0|0|0|109
16|2|Sharon Levine|1|1|1|1|1|1|1|853
16|3|Heather Goff|1|1|1|1|1|1|1|853
16|4||0|0|0|0|0|0|0|0
17|1|Karen O'Shell|1|1|1|1|1|1|1|868
17|2|Karma Forbes|1|1|1|1|1|1|1|868
18|1|Mia Herskind|1|1|1|1|1|1|1|945
18|2|Sydney Reece|1|1|1|1|1|1|1|945
19|1|Katie Townsend-Merino|1|1|1|1|1|1|1|868
19|2|Lagenia Bailey|1|1|1|1|1|1|1|868
20|1|Gerry Marcus|1|1|1|1|1|1|1|945
20|2|Mark Stauffer|1|1|1|1|1|1|1|945
21|1|Kristin Vaughn|1|1|1|1|1|1|1|868
21|2|Rebecca Henrick|1|1|1|1|1|1|1|868
22|1|Judson Brewer|1|1|1|1|1|1|1|1288
22|2||0|0|0|0|0|0|0|0
23|1|Sylvie Graff|1|1|1|1|1|1|1|868
23|2|Theresa Vincent|1|1|1|1|1|1|1|868
24|1|Florence Meleo-Meyer|1|1|1|1|1|1|1|1288
24|2||0|0|0|0|0|0|0|0
5|1|Ying Liu|1|1|1|1|1|1|0|744
5|2|Ludmila Vokac|1|1|1|1|1|1|1|899
27|1|Ron Fouts|1|1|1|1|1|1|1|763
27|2|Dallin Bruun|1|1|1|1|1|1|1|763
27|3|Alexis Bicat|1|1|1|1|1|1|1|763
27|4||0|0|0|0|0|0|0|0
6|1|Rafael Zeitlin|1|1|1|1|1|1|1|868
6|2|Yehudit Zeitlin|1|1|1|1|1|1|1|868
28|1|Ellen Schellinger|1|1|1|1|1|1|1|763
28|2|Irma Ruiz|1|1|1|1|1|1|1|763
28|3|Jessica Nijmeh|1|1|1|1|1|1|1|763
28|4||0|0|0|0|0|0|0|0
31|1|Miriam Fernandez|1|1|1|1|1|1|1|868
31|2|Gustavo Garcia|1|1|1|1|1|1|1|868
29|1|Jessica Roberts|1|1|1|1|1|1|1|763
29|2|Laura Morrissette|1|1|1|1|1|1|1|763
29|3|Marianela Lavena|1|1|1|1|1|1|1|763
29|4||0|0|0|0|0|0|0|0
32|1|Aaron Less|1|1|1|1|1|1|1|868
32|2|Michael Smith|1|1|1|1|1|1|1|868
30|1|Mary Weeks|1|1|1|1|1|1|1|763
30|2|Mindy McHugh|1|1|1|1|1|1|1|763
30|3|Nicole Scheopner|1|1|1|1|1|1|1|763
30|4||0|0|0|0|0|0|0|0
25|1|Preston Wiles|1|1|1|1|1|1|1|868
25|2|Robert Dalton|1|1|1|1|1|1|1|868
26|1|Jeff Nichols|1|1|1|1|1|1|1|763
26|2|John Monfort|1|1|1|1|1|1|1|763
26|3|Joshua Kenyon|1|1|1|1|1|1|1|763
26|4||0|0|0|0|0|0|0|0
33|1|Julia Baldwin|1|1|1|1|1|1|1|1085
33|2||0|0|0|0|0|0|0|0
34|1|Nancy Ledoux|1|1|1|1|1|1|1|945
34|2|Maggie Breitenstein|1|1|1|1|1|1|1|945
35|1|Dawn Sim-Gallet|1|1|1|1|1|1|1|1085
35|2||0|0|0|0|0|0|0|0
36|1|Ashok Krishana|1|1|1|1|1|1|1|1288
36|2||0|0|0|0|0|0|0|0
37|1|Michael McIntyre|1|1|1|1|1|1|1|1085
37|2||0|0|0|0|0|0|0|0
38|1|Cleo Corsi-Zarr|1|1|1|1|1|1|1|1288
38|2||0|0|0|0|0|0|0|0
39|1|Angela Black|1|1|1|1|1|1|1|1085
39|2||0|0|0|0|0|0|0|0
40|1|Saki Santorelli|1|1|1|1|1|1|1|1288
40|2||0|0|0|0|0|0|0|0
179|1|Aaron Weiner|1|1|1|1|1|1|1|700
179|2|Duane Koons|1|1|1|1|1|1|1|700
179|3|Gregory Levy|1|1|1|1|1|1|1|700
179|4|Jason Christensen|1|1|1|1|1|1|1|700
179|5|Jerry Alston|1|1|1|1|1|1|1|700
179|6|Nuno Silva|1|1|1|1|1|1|1|700
179|7|Paul Jeannotte|1|1|1|1|1|1|1|700
105|1|Ray Howe|1|1|1|1|1|1|1|483
101|1|Sam Levy|1|1|1|1|1|1|1|483
181|1|Veronnica Allen|1|1|1|1|1|1|1|700
181|2|Catherine Ziengs|1|1|1|1|1|1|1|700
181|3|Marguarite Pinard|1|1|1|1|1|1|1|700
181|4|Lucinda Coffin|1|1|1|1|1|1|1|700
181|5|Orit Zamir|1|1|1|1|1|1|1|700
181|6|Jeanette Lantz|1|1|1|1|1|1|1|700
181|7||0|0|0|0|0|0|0|0
181|8||0|0|0|0|0|0|0|0
181|9|(No more guests in MR)|0|0|0|0|0|0|0|0
181|10||0|0|0|0|0|0|0|0
181|11||0|0|0|0|0|0|0|0
181|12||0|0|0|0|0|0|0|0
117|1|Sonia Pellison|1|1|1|1|1|1|1|868
117|2|Amy Kline|1|1|1|1|1|1|1|868
118|1|Stephanie Maulay|1|1|1|1|1|1|1|868
118|2|Penelope Mccarthy|1|1|1|1|1|1|1|868
119|1|Jill Zastko|1|1|1|1|1|1|1|868
119|2|Bernadette Guidry|1|1|1|1|1|1|1|868
120|1|Pete Reddy|1|1|1|1|1|1|1|868
120|2|Robert Graupner|1|1|1|1|1|1|1|868
121|1|Matthew Kopka|1|1|1|1|1|1|1|868
121|2|Edgar Osuna|1|1|1|1|1|1|1|868
122|1|Sherrye Masoff|1|1|1|1|1|1|1|1085
122|2||0|0|0|0|0|0|0|0
123|1|Janell Flores Bolte|1|1|1|1|1|1|1|1085
123|2||0|0|0|0|0|0|0|0
124|1|Carol Boone|0|0|0|1|1|1|1|620
124|2||0|0|0|0|0|0|0|0
125|1|Judith Paskiewicz|1|1|1|1|1|1|1|868
125|2|Olga Goister|1|1|1|1|1|1|1|868
41|1|Sue Wright|0|1|1|1|1|1|1|930
41|2||0|0|0|0|0|0|0|0
42|1|Stephaine Kirschner|0|1|1|1|1|1|1|930
42|2||0|0|0|0|0|0|0|0
45|1|Ying Liu|0|0|0|0|0|0|1|155
45|2||0|0|0|0|0|0|0|0
7|1|Adriana Zarate|1|1|1|1|1|1|1|868
7|2|Eileen Daley|1|1|1|1|1|1|1|868
7|3||0|0|0|0|0|0|0|0
8|1|Brandi Matheson|1|1|1|1|1|1|1|700
8|2|Diane Yermack|1|1|1|1|1|1|1|700
8|3|Harumi Takiguchi|1|1|1|1|1|1|1|700
8|4|Laura Crosby|1|1|1|1|1|1|1|700
8|5|Kristy Crymes|1|1|1|1|1|1|1|700
8|6|Manon Breton|1|1|1|1|1|1|1|700
8|7||0|0|0|0|0|0|0|0
9|1|Nancy Solomon|1|1|1|1|1|1|1|700
9|2|Stephanie Kirshner|1|0|0|0|0|0|0|100
9|3|Therese Vaughn|1|1|1|1|1|1|1|700
9|4|Laura Cuevo-Miller|1|1|1|1|1|1|1|700
9|5|Lynette Wong|1|1|1|1|1|1|1|700
9|6||0|0|0|0|0|0|0|0
9|7||0|0|0|0|0|0|0|0
10|1|Aja Frend|1|1|1|1|1|1|1|1085
10|2||0|0|0|0|0|0|0|0
10|3||0|0|0|0|0|0|0|0
11|1|Jan Levit-Silver|1|1|1|1|1|1|1|868
11|2|Alicia Dorosin|1|1|1|1|1|1|1|868
1001|1||0|0|0|0|0|0|0|0
1001|2||0|0|0|0|0|0|0|0
1001|3||0|0|0|0|0|0|0|0
1001|4||0|0|0|0|0|0|0|0
1001|5||0|0|0|0|0|0|0|0
1002|1|Tom Fandre|1|1|1|1|1|1|1|406
1002|2|Mikyong Wessel|1|1|1|1|1|1|1|406
1002|3||0|0|0|0|0|0|0|0
1002|4||0|0|0|0|0|0|0|0
1002|5||0|0|0|0|0|0|0|0
