12|1|Candia Katich  Dorm|1|1|232
12|2|Lorielle Porter Dorm|1|1|232
13|1|Sandra Taylor dorm|1|1|232
13|2|Suzanne Depriest Dorm|1|1|232
14|1|Bryan Ratkay|1|1|246
14|2|Brenda Ratkay|1|1|246
19|1|Single Sarah McIntire|1|1|284
19|2||0|0|0
21|1|Paula Single w/ bath|1|1|284
21|2||0|0|0
23|1|Teresa single w/ bath|1|1|284
23|2||0|0|0
24|1|Brenda Balducci double|1|1|246
24|2|Miranda Doble|1|1|246
123|1|Shelli Spence Double|1|1|232
123|2|Shawn Spence Double|1|1|232
124|1||0|0|0
124|2||0|0|0
125|1|Lisa Marie (prema) double cabin|1|1|232
125|2|Lisa Saslove cabin share with prema|1|1|232
7|1|Sean Levahn Cabin|1|1|284
7|2||0|0|0
7|3||0|0|0
8|1||0|0|0
8|2||0|0|0
8|3||0|0|0
8|4||0|0|0
8|5||0|0|0
8|6||0|0|0
8|7||0|0|0
9|1||0|0|0
9|2||0|0|0
9|3||0|0|0
9|4||0|0|0
9|5||0|0|0
9|6||0|0|0
9|7||0|0|0
10|1||0|0|0
10|2||0|0|0
10|3||0|0|0
11|1||0|0|0
11|2||0|0|0
1001|1||0|0|0
1001|2||0|0|0
1001|3||0|0|0
1001|4||0|0|0
1001|5||0|0|0
1001|6||0|0|0
1001|7||0|0|0
1001|8||0|0|0
1002|1||0|0|0
1002|2||0|0|0
1002|3||0|0|0
1002|4||0|0|0
1002|5||0|0|0
