12|1|Kahlenberg, Ondrea|1|1|1|1|1|775
12|2||0|0|0|0|0|0
13|1|Hamilton, Lynne|1|1|1|1|1|775
13|2||0|0|0|0|0|0
14|1|DeLillo, Carol|1|1|1|1|1|680
14|2|Mollohan,Carolyn|1|1|1|1|1|680
15|1|Fidel, Coco|1|1|1|1|1|775
15|2||0|0|0|0|0|0
17|1|Chamblee, Johnny|1|1|1|1|1|600
17|2|Merritt, Dan|1|1|1|1|1|600
18|1|Brumfield, Sally|1|1|1|1|1|680
18|2|Hacker, Susan|1|1|1|1|1|680
19|1||0|0|0|0|0|0
19|2|Gehlen, Doris|1|1|1|1|1|775
21|1|Gavin, Shannon|1|1|1|1|1|775
21|2||0|0|0|0|0|0
22|1|Darling, Flow|1|1|1|1|1|680
22|2|Hughes, Gloria|1|1|1|1|1|680
23|1|Weaver, Vicki|1|1|1|1|1|600
23|2|King, Paula|1|1|1|1|1|600
24|1|Eidsmoe, Anne|1|1|1|1|1|680
24|2|Eidsmoe, Mike|1|1|1|1|1|680
29|1||0|0|0|0|0|0
29|2||0|0|0|0|0|0
29|3||0|0|0|0|0|0
29|4||0|0|0|0|0|0
33|1|Tarquinio, Al|1|1|1|1|1|775
33|2||0|0|0|0|0|0
34|1|Shaw, Michael|1|1|1|1|1|680
34|2|Shaw, Gloria|1|1|1|1|1|680
36|1|Loftin, Wendy|1|1|1|1|1|680
36|2|Waller, Lois|1|1|1|1|1|680
38|1|Baker, Greg|1|1|1|1|1|680
38|2|Baker, Haley|1|1|1|1|1|680
40|1|Penn, Greg ~ Teacher|1|1|1|1|1|920
40|2||0|0|0|0|0|0
50|1|Bisson, Emil|1|1|1|1|1|385
50|2||0|0|0|0|0|0
118|1|Roos, Mary|1|1|1|1|1|775
118|2||0|0|0|0|0|0
120|1|Rodriguez, Maria|1|1|1|1|1|775
120|2||0|0|0|0|0|0
121|1|White, Laurie|1|1|1|1|1|775
121|2||0|0|0|0|0|0
122|1|Smith, Nancy Jo|1|1|1|1|1|600
122|2|McGriff, Pat|1|1|1|1|1|600
124|1|Gardner, Jack|1|1|1|1|1|600
124|2|Gardner, Teresa|1|1|1|1|1|600
1001|1|Wilkins, Alfreida|1|1|1|1|1|345
1001|2|Capson, Sherman|1|1|1|1|1|345
1001|3||0|0|0|0|0|0
1001|4||0|0|0|0|0|0
1001|5||0|0|0|0|0|0
1002|1|Bugalski, Sheri|1|1|1|1|1|290
1002|2|Roderick, Ron|1|1|1|1|1|290
1002|3||0|0|0|0|0|0
1002|4||0|0|0|0|0|0
1002|5||0|0|0|0|0|0
